# Array shape: (4, 5, 6)
990.00  2456.00 2110.00 2172.00 2229.00 2280.00
117.00  1143.00 895.00  937.00  955.00  1018.00
47.00   708.00  533.00  542.00  599.00  586.00 
5.00    510.00  421.00  422.00  451.00  422.00 
1.00    397.00  347.00  334.00  361.00  373.00 
# New slice
990.00  2177.00 1844.00 2003.00 1899.00 2054.00
117.00  788.00  648.00  720.00  675.00  749.00 
47.00   516.00  330.00  393.00  396.00  393.00 
5.00    342.00  238.00  286.00  271.00  278.00 
1.00    266.00  214.00  240.00  240.00  223.00 
# New slice
990.00  1674.00 1460.00 1534.00 1686.00 1847.00
117.00  496.00  418.00  484.00  544.00  629.00 
47.00   227.00  195.00  192.00  241.00  261.00 
5.00    123.00  89.00   108.00  116.00  166.00 
1.00    75.00   62.00   91.00   73.00   81.00  
# New slice
990.00  1136.00 1399.00 1451.00 1348.00 1340.00
117.00  163.00  226.00  268.00  223.00  228.00 
47.00   23.00   46.00   37.00   40.00   36.00  
5.00    3.00    7.00    10.00   9.00    10.00  
1.00    0.00    1.00    2.00    1.00    3.00   
# New slice
